1732439999.542634 0.9
1732439999.570399 1.7
1732439999.599219 9.0
1732439999.627272 0.5
1732439999.654775 1.4
1732439999.681331 9.5
1732439999.708203 6.7
1732439999.735413 0.5
1732439999.763083 7.2
1732439999.792552 6.6
1732439999.821487 0.0
1732439999.851397 8.7
1732439999.882808 7.6
1732439999.920465 5.4
1732439999.962768 0.7
1732439999.997685 4.3
1732440000.041349 6.5
1732440000.077751 0.6
1732440000.113794 7.2
1732440000.151721 1.1
1732440000.185264 1.8
1732440000.213822 3.1
1732440000.242701 4.5
1732440000.272027 8.7
1732440000.302700 8.9
1732440000.334557 4.1
1732440000.363378 6.2
1732440000.393186 9.7
1732440000.420948 6.0
1732440000.448077 4.4
1732440000.475813 7.6
1732440000.503586 8.3
1732440000.531551 8.9
1732440000.560549 2.8
1732440000.593184 2.3
1732440000.627310 3.6
1732440000.659272 1.9
1732440000.689953 3.1
1732440000.722774 2.9
1732440000.750769 7.4
1732440000.778676 5.7
1732440000.809912 4.7
1732440000.838320 0.8
1732440000.868147 1.3
1732440000.902214 6.6
1732440000.933427 5.3
1732440000.965484 3.0
1732440000.999106 1.1
1732440001.033102 5.8
1732440001.069593 8.9
1732440001.107337 1.5
1732440001.145269 0.3
1732440001.181930 5.9
1732440001.223458 0.0
1732440001.263719 8.3
1732440001.293776 6.2
1732440001.325256 8.6
1732440001.354271 3.3
1732440001.381728 4.1
1732440001.414583 2.0
1732440001.443737 1.0
1732440001.474924 7.4
1732440001.505605 6.3
1732440001.542094 3.8
1732440001.579339 5.2
1732440001.618572 0.8
1732440001.659246 5.3
1732440001.703590 8.8
1732440001.737952 1.4
1732440001.775520 1.8
1732440001.810822 5.5
1732440001.846678 6.4
1732440001.877544 0.7
1732440001.910954 1.6
1732440001.944924 9.8
1732440001.974587 4.4
1732440002.005004 8.5
1732440002.033160 4.3
1732440002.062165 1.1
1732440002.090999 2.7
1732440002.119820 2.5
1732440002.148030 3.9
1732440002.175337 2.2
1732440002.202768 3.6
1732440002.232667 8.2
1732440002.261553 0.2
1732440002.291670 1.7
1732440002.318617 0.0
1732440002.345547 0.4
1732440002.373327 2.4
1732440002.403500 8.2
1732440002.430178 5.2
1732440002.458196 6.8
1732440002.485630 7.0
1732440002.513225 5.5
1732440002.540080 5.0
1732440002.566066 2.4
1732440002.594132 7.2
1732440002.621010 0.4
1732440002.648631 8.0
1732440002.674732 5.3
1732440002.702339 3.2
1732440002.729471 6.3
1732440002.756347 8.9
1732440002.783410 4.0
1732440002.810661 6.9
1732440002.837690 7.1
1732440002.865136 6.4
1732440002.892788 2.7
1732440002.919862 2.0
1732440002.947781 1.0
1732440002.974303 1.4
1732440003.001496 8.1
1732440003.029318 3.1
1732440003.058488 6.6
1732440003.085096 1.5
1732440003.111202 7.2
1732440003.138639 5.3
1732440003.166701 4.8
1732440003.193796 8.1
1732440003.220643 7.6
1732440003.248543 3.3
1732440003.278182 2.7
1732440003.304937 2.4
1732440003.333091 7.5
1732440003.362232 2.7
1732440003.389453 7.4
1732440003.416103 8.5
1732440003.442611 3.6
1732440003.470254 7.1
1732440003.497403 1.1
1732440003.525488 0.7
1732440003.551837 3.8
1732440003.580191 4.1
1732440003.607558 7.9
1732440003.636219 8.4
1732440003.665570 9.5
1732440003.695472 10.0
1732440003.723569 1.9
1732440003.752186 6.6
1732440003.779461 6.9
1732440003.807386 6.6
1732440003.835407 3.0
1732440003.865332 9.8
1732440003.893697 3.8
1732440003.921511 0.7
1732440003.950714 0.4
1732440003.978164 4.5
1732440004.008579 2.3
1732440004.035467 7.2
1732440004.064839 0.8
1732440004.092946 1.8
1732440004.120548 2.7
1732440004.149001 4.5
1732440004.176849 4.4
1732440004.205467 9.8
1732440004.233830 3.3
1732440004.264226 5.9
1732440004.294078 1.1
1732440004.320824 2.5
1732440004.348666 1.1
1732440004.377469 7.1
1732440004.407697 0.6
1732440004.437485 0.3
1732440004.467167 4.0
1732440004.496668 3.2
1732440004.525854 4.9
1732440004.554388 5.9
1732440004.582720 4.9
1732440004.608880 3.9
1732440004.639077 1.7
1732440004.666996 4.8
1732440004.695584 0.7
1732440004.723138 8.4
1732440004.751662 4.1
1732440004.780006 8.6
1732440004.809530 9.1
1732440004.838141 6.1
1732440004.867019 7.1
1732440004.894753 8.6
1732440004.922084 1.0
1732440004.950732 8.6
1732440004.977702 4.6
1732440005.007172 8.3
1732440005.035640 6.1
1732440005.064847 9.3
1732440005.093691 0.7
1732440005.122868 9.2
1732440005.152102 7.5
1732440005.181120 8.0
1732440005.209957 3.7
1732440005.238672 9.6
1732440005.268825 9.5
1732440005.296601 0.8
1732440005.325389 3.9
1732440005.355031 9.2
1732440005.381820 5.1
1732440005.407702 8.5
1732440005.435109 8.4
1732440005.463493 2.1
1732440005.491256 9.6
1732440005.517248 6.7
1732440005.544139 4.0
1732440005.572285 6.7
1732440005.600280 6.8
1732440005.627798 9.6
1732440005.655252 9.2
1732440005.684386 7.6
1732440005.712362 3.4
1732440005.738441 0.7
1732440005.766601 5.4
1732440005.794442 6.8
1732440005.822727 3.3
1732440005.851933 5.6
1732440005.880393 5.8
1732440005.909750 1.7
1732440005.937320 5.6
1732440005.965746 3.7
1732440005.994610 3.1
1732440006.022882 0.4
1732440006.053838 7.8
1732440006.081749 1.4
1732440006.109185 7.0
1732440006.136247 8.4
1732440006.163679 0.4
1732440006.193101 6.1
1732440006.220768 0.2
1732440006.247178 4.5
1732440006.275503 4.9
1732440006.302765 8.7
1732440006.330826 6.5
1732440006.357891 5.0
1732440006.384983 4.4
1732440006.411118 8.0
1732440006.437559 0.8
1732440006.465005 5.9
1732440006.492675 3.8
1732440006.520128 0.8
1732440006.547797 6.2
1732440006.576992 2.9
1732440006.606106 7.9
1732440006.633932 1.6
1732440006.662946 0.5
1732440006.691692 3.1
1732440006.720509 6.3
1732440006.747346 5.0
1732440006.774542 3.5
1732440006.803730 8.8
1732440006.831750 9.8
1732440006.860272 1.5
1732440006.887341 3.2
1732440006.915911 0.8
1732440006.943911 3.5
1732440006.972160 0.5
1732440007.000465 9.6
1732440007.028425 2.4
1732440007.056851 1.3
1732440007.085047 3.9
1732440007.114546 6.2
1732440007.142932 7.6
1732440007.171622 0.7
1732440007.199584 2.7
1732440007.227546 8.6
1732440007.256839 9.8
1732440007.285350 5.0
1732440007.313907 0.4
1732440007.342404 3.2
1732440007.370761 0.3
1732440007.398469 3.6
1732440007.426871 0.9
1732440007.455523 2.0
1732440007.482577 1.7
1732440007.510567 6.8
1732440007.539231 8.3
1732440007.567112 5.3
1732440007.594752 4.9
1732440007.623632 4.4
1732440007.653630 7.6
1732440007.681457 6.4
1732440007.708405 4.3
1732440007.735330 1.4
1732440007.763623 9.4
1732440007.792615 8.3
1732440007.818855 0.9
1732440007.846427 9.5
1732440007.875063 2.9
1732440007.903601 4.4
1732440007.931211 0.7
1732440007.960023 3.7
1732440007.987250 6.1
1732440008.015838 2.1
1732440008.044904 3.5
1732440008.073969 2.0
1732440008.102433 2.6
1732440008.130819 3.5
1732440008.158911 0.7
1732440008.186317 5.0
1732440008.213750 8.8
1732440008.241789 5.7
1732440008.277752 1.4
1732440008.308187 0.0
1732440008.336181 3.7
1732440008.364663 1.8
1732440008.393654 6.4
1732440008.420762 3.7
1732440008.450505 0.6
1732440008.477184 8.4
1732440008.505673 7.0
1732440008.533425 8.6
1732440008.561734 4.1
1732440008.590115 2.2
1732440008.617782 8.2
1732440008.646676 5.2
1732440008.675021 3.5
1732440008.702384 9.2
1732440008.729736 0.8
1732440008.757086 9.8
1732440008.783834 2.2
1732440008.814052 6.8
1732440008.840799 9.1
1732440008.868630 0.1
1732440008.895868 7.6
1732440008.925198 1.4
1732440008.952371 9.5
1732440008.978458 3.1
1732440009.005775 5.4
1732440009.033387 4.2
1732440009.061746 3.2
1732440009.090205 2.2
1732440009.118421 2.9
1732440009.146656 0.5
1732440009.174802 7.2
1732440009.203555 6.1
1732440009.233126 0.5
1732440009.262957 7.7
1732440009.292924 6.0
1732440009.331240 4.5
1732440009.358876 3.3
1732440009.386583 5.0
1732440009.413445 0.5
1732440009.440246 0.7
1732440009.467969 3.1
1732440009.494302 6.9
1732440009.521884 5.8
1732440009.553557 2.8
1732440009.581809 9.5
1732440009.610052 0.7
1732440009.636966 8.7
1732440009.663414 3.1
1732440009.690268 9.6
1732440009.718955 5.8
1732440009.746906 2.3
1732440009.773540 4.5
1732440009.799610 0.4
1732440009.826309 6.5
1732440009.853119 8.9
1732440009.880017 4.6
1732440009.907465 4.8
1732440009.935517 5.3
1732440009.963420 1.3
1732440009.990397 3.5
1732440010.017768 1.9
1732440010.044618 4.3
1732440010.072858 7.0
1732440010.100270 5.3
1732440010.128259 1.3
1732440010.155761 9.5
1732440010.183643 9.2
1732440010.211868 9.2
1732440010.240096 3.1
1732440010.267254 8.6
1732440010.296100 6.8
1732440010.323463 9.9
1732440010.350662 5.3
1732440010.377579 6.9
1732440010.404726 9.8
1732440010.431977 5.3
1732440010.458597 4.8
1732440010.485147 0.9
1732440010.512206 2.5
1732440010.538808 3.3
1732440010.565968 0.8
1732440010.593341 7.9
1732440010.621383 2.0
1732440010.647681 7.7
1732440010.674516 7.9
1732440010.702121 4.8
1732440010.728256 3.8
1732440010.754995 7.1
1732440010.782026 4.9
1732440010.808337 7.6
1732440010.835161 8.1
1732440010.862767 1.1
1732440010.889591 9.6
1732440010.917726 2.2
1732440010.944767 1.4
1732440010.972370 7.2
1732440010.999501 0.8
1732440011.027163 9.6
1732440011.056780 5.6
1732440011.084600 6.4
1732440011.110994 9.7
1732440011.137039 8.5
1732440011.164139 9.2
1732440011.189810 7.9
1732440011.216968 7.5
1732440011.245479 1.5
1732440011.272527 2.2
1732440011.299482 4.8
1732440011.327831 1.1
1732440011.355368 9.9
1732440011.384231 5.7
1732440011.411933 2.2
1732440011.439373 2.9
1732440011.466981 6.1
1732440011.495539 2.3
1732440011.523397 7.3
1732440011.551995 4.6
1732440011.578994 6.8
1732440011.605860 0.5
1732440011.632141 3.0
1732440011.658874 7.8
1732440011.684907 4.4
1732440011.711132 7.8
1732440011.737864 9.2
1732440011.765821 0.4
1732440011.792534 2.6
1732440011.819880 9.7
1732440011.847751 2.1
1732440011.874437 9.4
1732440011.902167 3.9
1732440011.929608 8.5
1732440011.957086 8.4
1732440011.984048 7.8
1732440012.012215 8.6
1732440012.038863 7.0
1732440012.065662 8.0
1732440012.092562 5.8
1732440012.120018 6.6
1732440012.146592 5.9
1732440012.173992 5.7
1732440012.201509 3.9
1732440012.228473 1.9
1732440012.255586 1.0
1732440012.282437 6.0
1732440012.309601 3.5
1732440012.336481 5.5
1732440012.363506 4.6
1732440012.391137 4.9
1732440012.417938 6.5
1732440012.444459 5.3
1732440012.472355 9.4
1732440012.499813 4.8
1732440012.527364 4.2
1732440012.554870 0.9
1732440012.583242 9.5
1732440012.611206 8.6
1732440012.638183 2.4
1732440012.667062 4.2
1732440012.696402 3.2
1732440012.724117 3.4
1732440012.751841 9.8
1732440012.779969 3.2
1732440012.806649 0.4
1732440012.835372 2.2
1732440012.863741 9.8
1732440012.891226 2.9
1732440012.918616 0.7
1732440012.947250 4.6
1732440012.976324 8.3
1732440013.004303 0.6
1732440013.033201 7.7
1732440013.061714 9.6
1732440013.090676 6.2
1732440013.118144 5.8
1732440013.144774 5.3
1732440013.172518 8.6
1732440013.200047 1.7
1732440013.227613 2.8
1732440013.255248 3.0
1732440013.285252 3.5
1732440013.313888 3.0
1732440013.341634 9.7
1732440013.370470 4.8
1732440013.401075 5.6
1732440013.431573 3.9
1732440013.458765 0.5
1732440013.485515 1.5
1732440013.513885 6.1
1732440013.541592 3.4
1732440013.569834 1.5
1732440013.597973 5.7
1732440013.627094 3.0
1732440013.675661 5.9
1732440013.705260 4.1
1732440013.740859 9.8
1732440013.772377 8.4
1732440013.893828 6.1
1732440013.927095 9.3
1732440013.959203 9.9
1732440013.991827 7.2
1732440014.022925 5.7
1732440014.052822 0.7
1732440014.083765 7.6
1732440014.114578 0.7
1732440014.147998 4.0
1732440014.179906 8.1
1732440014.211180 0.9
1732440014.244018 1.5
1732440014.276278 8.5
1732440014.307574 8.4
1732440014.335572 2.9
1732440014.363646 5.1
1732440014.391666 7.1
1732440014.419854 8.6
1732440014.447807 5.3
1732440014.476933 8.4
1732440014.510538 7.0
1732440014.537623 4.8
1732440014.564837 6.7
1732440014.591939 2.9
1732440014.619772 2.5
1732440014.650178 0.0
1732440014.680685 7.7
1732440014.710014 3.1
1732440014.741383 6.7
1732440014.771454 5.9
1732440014.801910 4.0
1732440014.833268 8.6
1732440014.861958 0.4
1732440014.891916 3.0
1732440014.919517 1.0
1732440014.948224 7.6
1732440014.976750 2.2
1732440015.005753 3.0
1732440015.033131 4.7
1732440015.064190 6.5
1732440015.092876 0.6
1732440015.124284 1.5
1732440015.154619 2.0
1732440015.187227 1.9
1732440015.219020 2.1
1732440015.249264 9.4
1732440015.279469 0.4
1732440015.310505 5.3
1732440015.341111 9.8
1732440015.369854 3.2
1732440015.401046 0.2
1732440015.431015 8.6
1732440015.460381 5.9
1732440015.489941 0.0
1732440015.520051 3.7
1732440015.549536 0.2
1732440015.579861 8.1
1732440015.610805 5.7
1732440015.641301 7.6
1732440015.674855 4.8
1732440015.712534 8.7
1732440015.747598 6.5
1732440015.776172 6.9
1732440015.813965 7.3
1732440015.844484 2.8
1732440015.874786 9.2
1732440015.907475 5.6
1732440015.938196 0.5
1732440015.970045 4.6
1732440016.001197 3.9
1732440016.031680 8.0
1732440016.061701 4.5
1732440016.094116 6.5
1732440016.126411 5.6
1732440016.155954 7.1
1732440016.188274 0.4
1732440016.219663 3.7
1732440016.248315 8.8
1732440016.278020 8.6
1732440016.310546 3.4
1732440016.340061 9.8
1732440016.368235 9.1
1732440016.398678 1.3
1732440016.425993 4.6
1732440016.453580 9.9
1732440016.483372 0.2
1732440016.510889 5.2
1732440016.539967 3.7
1732440016.568123 2.5
1732440016.598686 0.0
1732440016.628337 7.0
1732440016.663069 6.1
1732440016.699396 8.3
1732440016.737603 7.1
1732440016.771247 9.9
1732440016.801234 6.8
1732440016.834828 8.3
1732440016.870128 8.3
1732440016.902535 0.6
1732440016.935080 7.7
1732440016.965232 8.8
1732440016.995918 7.2
1732440017.027803 9.2
1732440017.060723 0.5
1732440017.096098 3.2
1732440017.127751 5.8
1732440017.160947 8.7
1732440017.196677 1.7
1732440017.232270 3.4
1732440017.264062 7.2
1732440017.293200 2.2
1732440017.324044 0.7
1732440017.354481 8.1
1732440017.383609 7.4
1732440017.414345 2.5
1732440017.442882 7.6
1732440017.471463 9.1
1732440017.500552 4.4
1732440017.529804 1.6
1732440017.558066 4.6
1732440017.586328 6.9
1732440017.616952 1.5
1732440017.646805 7.9
1732440017.683383 1.3
1732440017.717557 0.8
1732440017.748024 6.6
1732440017.778068 2.8
1732440017.808571 1.9
1732440017.837182 8.3
1732440017.869922 8.9
1732440017.900742 2.5
1732440017.929845 5.0
1732440017.960442 6.8
1732440017.990729 1.0
1732440018.020819 3.6
1732440018.050919 4.0
1732440018.082518 9.4
1732440018.114944 3.9
1732440018.145019 9.1
1732440018.175056 3.6
1732440018.209779 6.8
1732440018.255445 4.8
1732440018.287719 2.9
1732440018.317744 6.1
1732440018.345165 8.2
1732440018.372327 0.5
1732440018.402595 3.4
1732440018.430872 2.7
1732440018.459368 7.1
1732440018.487553 7.3
1732440018.516091 2.5
1732440018.543984 9.3
1732440018.571885 4.3
1732440018.600329 4.3
1732440018.630194 0.9
1732440018.659593 9.1
1732440018.689357 1.5
1732440018.716511 1.0
1732440018.745587 8.7
1732440018.775891 9.8
1732440018.805769 0.6
1732440018.832781 6.3
1732440018.860497 3.0
1732440018.887867 4.3
1732440018.916732 0.3
1732440018.944536 1.8
1732440018.971159 8.7
1732440018.997345 3.2
1732440019.024135 2.1
1732440019.049513 5.1
1732440019.075513 5.1
1732440019.103440 5.6
1732440019.128771 9.0
1732440019.156337 0.3
1732440019.186064 0.4
1732440019.218536 1.8
1732440019.245953 2.3
1732440019.278946 1.4
1732440019.311064 8.9
1732440019.338190 0.3
1732440019.365210 9.6
1732440019.394713 5.1
1732440019.423781 4.8
1732440019.453379 4.8
1732440019.482233 6.3
1732440019.514661 9.4
1732440019.543892 4.6
1732440019.571414 3.1
1732440019.606500 0.2
1732440019.634926 2.1
1732440019.663208 5.2
1732440019.692520 5.8
1732440019.721575 4.4
1732440019.751993 2.8
1732440019.781741 1.4
1732440019.811179 4.8
1732440019.840619 9.7
1732440019.868835 2.0
1732440019.902097 0.8
1732440019.931934 3.1
1732440019.962655 3.0
1732440019.990042 3.4
1732440020.017973 5.2
1732440020.045674 5.8
1732440020.072400 6.0
1732440020.102874 4.4
1732440020.130405 1.7
1732440020.157732 5.4
1732440020.187163 2.7
1732440020.219173 8.0
1732440020.254992 2.0
1732440020.285163 0.5
1732440020.312367 6.4
1732440020.339698 4.5
1732440020.368496 6.1
1732440020.397035 2.0
1732440020.426491 6.7
1732440020.455455 5.3
1732440020.484723 2.3
1732440020.512258 2.4
1732440020.540499 1.1
1732440020.567244 4.2
1732440020.595805 5.0
1732440020.622962 9.4
1732440020.652712 2.0
1732440020.683591 0.1
1732440020.712891 6.0
1732440020.743696 2.8
1732440020.779572 7.9
1732440020.808952 0.5
1732440020.840678 8.1
1732440020.868508 6.5
1732440020.900917 5.1
1732440020.931682 6.0
1732440020.960251 2.6
1732440020.989933 1.1
1732440021.019856 5.0
1732440021.054100 0.3
1732440021.087108 1.8
1732440021.115733 7.3
1732440021.144246 7.2
1732440021.174354 7.4
1732440021.206394 7.1
1732440021.237830 4.0
1732440021.267143 8.7
1732440021.298806 0.7
1732440021.326019 1.5
1732440021.352539 2.5
1732440021.379392 0.6
1732440021.407220 1.1
1732440021.433676 1.8
1732440021.461869 9.3
1732440021.492810 4.8
1732440021.520976 8.1
1732440021.550028 7.9
1732440021.578081 7.3
1732440021.610198 1.3
1732440021.647844 1.0
1732440021.678298 5.9
1732440021.711257 4.3
1732440021.742457 1.2
1732440021.772791 8.3
1732440021.806823 1.3
1732440021.835637 5.6
1732440021.867889 6.8
1732440021.899734 2.5
1732440021.930256 4.7
1732440021.960880 7.0
1732440022.000392 3.2
1732440022.051122 0.1
1732440022.081492 7.6
1732440022.116793 3.2
1732440022.149071 4.5
1732440022.178687 5.8
1732440022.208251 5.8
1732440022.239038 0.8
1732440022.267689 0.8
1732440022.295665 7.3
1732440022.322685 5.0
1732440022.350691 5.6
1732440022.379124 8.6
1732440022.406958 1.2
1732440022.435010 7.5
1732440022.462388 6.2
1732440022.492664 2.8
1732440022.518957 4.9
1732440022.545687 0.9
1732440022.571580 8.0
1732440022.598469 7.1
1732440022.625589 1.1
1732440022.652395 6.6
1732440022.679648 9.5
1732440022.705932 2.9
1732440022.732677 9.1
1732440022.758480 4.2
1732440022.789471 2.4
1732440022.816246 2.4
1732440022.843171 9.3
1732440022.870042 3.5
1732440022.897351 2.3
1732440022.924164 8.6
1732440022.951084 5.7
1732440022.977672 6.8
1732440023.007190 7.1
1732440023.034125 9.6
1732440023.060190 5.2
1732440023.099743 4.3
1732440023.127266 3.9
1732440023.154249 3.2
1732440023.183278 5.3
1732440023.211680 2.9
1732440023.237970 4.6
1732440023.266589 8.9
1732440023.296026 0.0
1732440023.322397 8.4
1732440023.349479 5.5
1732440023.377246 5.0
1732440023.408406 3.4
1732440023.438232 1.6
1732440023.468416 4.1
1732440023.501532 1.8
1732440023.531716 9.8
1732440023.561690 2.3
1732440023.590917 6.0
1732440023.623603 2.0
1732440023.658033 4.8
1732440023.694757 3.0
1732440023.728195 8.8
1732440023.762203 4.0
1732440023.794740 1.7
1732440023.824919 5.4
1732440023.858213 8.2
1732440023.888237 1.6
1732440023.922471 6.0
1732440023.955848 7.3
1732440023.994713 7.7
1732440024.028270 6.8
1732440024.061390 8.7
1732440024.093461 0.8
1732440024.129936 3.1
1732440024.162925 3.2
1732440024.199044 3.5
1732440024.230162 1.5
1732440024.262390 9.2
1732440024.299490 3.8
1732440024.330193 6.7
1732440024.360243 3.2
1732440024.390234 0.3
1732440024.420677 2.9
1732440024.449833 8.2
1732440024.479799 3.0
1732440024.509776 5.6
1732440024.539345 8.9
1732440024.566807 6.0
1732440024.596305 1.6
1732440024.626410 4.2
1732440024.655323 2.9
1732440024.688131 4.2
1732440024.717937 2.6
1732440024.748011 0.7
1732440024.777325 5.5
1732440024.804931 0.3
1732440024.831445 0.5
1732440024.859824 0.8
1732440024.889751 9.3
1732440024.920475 7.0
1732440024.950153 2.9
1732440024.979228 6.2
1732440025.008773 5.9
1732440025.039756 4.2
1732440025.070192 4.5
1732440025.099937 3.9
1732440025.129779 8.2
1732440025.157581 6.3
1732440025.185916 7.0
1732440025.219001 2.2
1732440025.251402 3.3
1732440025.281061 5.0
1732440025.311904 9.0
1732440025.342168 6.5
1732440025.370729 5.5
1732440025.399648 2.2
1732440025.427746 3.3
1732440025.458260 1.2
1732440025.490150 6.6
1732440025.521166 9.6
1732440025.549136 5.4
1732440025.577817 8.4
1732440025.607149 1.5
1732440025.636660 0.5
1732440025.666373 8.5
1732440025.695254 2.1
1732440025.723960 6.5
1732440025.753178 9.1
1732440025.780547 4.6
1732440025.809210 2.2
1732440025.839689 8.2
1732440025.870771 4.6
1732440025.904774 1.6
1732440025.935911 1.1
1732440025.973057 7.3
1732440026.016649 4.5
1732440026.047938 0.4
1732440026.078883 4.5
1732440026.114912 4.6
1732440026.147940 6.0
1732440026.181572 6.7
1732440026.216193 0.3
1732440026.250091 9.3
1732440026.281003 1.3
1732440026.314640 3.7
1732440026.344928 1.8
1732440026.374813 4.1
1732440026.404132 6.2
1732440026.433612 2.7
1732440026.465530 10.0
1732440026.497054 2.7
1732440026.527984 7.2
1732440026.558104 6.9
1732440026.591099 0.4
1732440026.624642 2.0
1732440026.653598 8.3
1732440026.686115 5.3
1732440026.719547 0.7
1732440026.754252 5.6
1732440026.787366 6.4
1732440026.820678 9.8
1732440026.848809 8.7
1732440026.879163 2.9
1732440026.913361 5.9
1732440026.949105 2.6
1732440026.977841 8.7
1732440027.016771 1.2
1732440027.050911 9.9
1732440027.083760 9.5
1732440027.117808 6.6
1732440027.150442 2.4
1732440027.181529 5.8
1732440027.216174 4.5
1732440027.256990 0.7
1732440027.288013 3.9
1732440027.319429 9.1
1732440027.348935 9.3
1732440027.378154 2.0
1732440027.408830 1.5
1732440027.436889 7.4
1732440027.467062 7.4
1732440027.500030 7.6
1732440027.530787 6.4
1732440027.562485 7.2
1732440027.595386 7.1
1732440027.626863 1.1
1732440027.657321 4.0
1732440027.690149 0.9
1732440027.719106 7.4
1732440027.751450 6.1
1732440027.788502 9.6
1732440027.823241 2.4
1732440027.856183 2.0
1732440027.890977 0.4
1732440027.918767 7.6
1732440027.947633 0.9
1732440027.976503 6.8
1732440028.006967 0.2
1732440028.040047 4.5
1732440028.071944 0.7
1732440028.104012 3.6
1732440028.141875 1.7
1732440028.171580 2.9
1732440028.203788 1.9
1732440028.233412 3.0
1732440028.268420 6.2
1732440028.299198 0.4
1732440028.330493 5.8
1732440028.361446 4.5
1732440028.393121 2.9
1732440028.421641 5.9
1732440028.452375 5.8
1732440028.480872 1.3
1732440028.511080 2.9
1732440028.540581 1.7
1732440028.570102 5.0
1732440028.599336 0.3
1732440028.629641 0.8
1732440028.658197 0.4
1732440028.688554 8.4
1732440028.717541 4.5
1732440028.745559 7.4
1732440028.774778 4.6
1732440028.806929 4.2
1732440028.834673 2.9
1732440028.873063 8.0
1732440028.904776 3.2
1732440028.935238 2.7
1732440028.966555 8.7
1732440028.998174 6.2
1732440029.028132 4.1
1732440029.057064 5.6
1732440029.090039 8.9
1732440029.119411 3.1
1732440029.147671 8.2
1732440029.176593 9.1
1732440029.209935 9.5
